annotations = [
4,0.21,0.20,0.33,0.25,0.23,0.33,0.26,0.27,0.22,0.26,0.26,0.36,0.21,0.22,0.28,0.22,0.33,0.36,0.27,0.36,0.23,0.38,0.39,0.50,0.41,0.40,0.50,0.55,0.50,0.50,0.50,0.50,0.39,0.50,0.50,0.50,0.50,0.98,0.50,1.00,1.00,1.00,0.98,1.00,0.86,1.00,1.00,1.00
6,0.21,0.23,0.20,0.17,0.19,0.12,0.08,0.05,0.08,0.14,0.26,0.27,0.25,0.40,0.09,0.15,0.22,0.40,0.29,0.30,0.44,0.75,0.30,0.48,0.36,0.04,0.11,0.02,0.31,0.65,0.48,0.45,0.13,0.38,0.04,0.48,0.44,0.45,0.45,0.20,0.55,0.50,0.45,0.45,0.45,0.20,0.20,0.20
23,0.10,0.10,0.10,0.10,0.10,0.10,0.10,0.10,0.10,0.10,0.10,0.10,0.10,0.10,0.10,0.10,0.10,0.10,0.10,0.10,0.10,0.10,0.10,0.10,0.10,0.10,0.10,0.10,0.10,0.10,0.10,0.62,0.10,0.10,0.10,0.10,0.10,0.62,0.62,0.80,0.10,0.10,0.10,0.62,0.62,0.76,0.80,0.80
41,0.26,0.23,0.25,0.21,0.21,0.25,0.30,0.33,0.26,0.21,0.21,0.21,0.26,0.42,0.36,0.52,0.21,0.24,0.24,0.40,0.42,0.54,0.53,0.58,0.28,0.43,0.43,0.54,0.55,0.60,0.60,0.71,0.44,0.54,0.54,0.59,0.66,0.76,0.70,1.00,0.55,0.80,0.70,0.80,0.80,1.00,1.00,1.00
15,0.78,0.79,0.80,0.69,0.81,0.79,0.81,0.73,0.77,0.64,0.70,0.58,0.69,0.60,0.69,0.74,0.25,0.12,0.42,0.15,0.41,0.00,0.50,0.03,0.00,0.00,0.00,0.00,0.00,0.00,0.00,0.07,0.00,0.00,0.00,0.00,0.16,0.20,0.11,1.00,0.00,0.00,0.00,0.15,0.12,1.00,1.00,1.00
2,0.00,0.00,0.00,0.00,0.00,0.00,0.00,0.00,0.00,0.00,0.00,0.00,0.00,0.00,0.00,0.10,0.00,0.00,0.00,0.00,0.00,0.13,0.09,0.24,0.00,0.00,0.00,0.00,0.23,0.17,0.19,0.15,0.00,0.23,0.32,0.50,0.12,0.61,0.14,1.00,0.50,0.50,0.50,0.81,0.78,1.00,1.00,1.00
44,0.00,0.00,0.00,0.00,0.00,0.00,0.00,0.00,0.00,0.00,0.00,0.00,0.00,0.05,0.05,0.09,0.00,0.00,0.00,0.07,0.07,0.34,0.41,0.50,0.00,0.06,0.06,0.42,0.39,0.50,0.50,0.50,0.07,0.59,0.43,0.58,0.60,0.69,0.50,0.88,0.69,0.80,0.66,0.70,0.60,0.90,0.89,0.86
38,1.00,1.00,1.00,1.00,1.00,1.00,1.00,1.00,1.00,1.00,1.00,1.00,1.00,1.00,1.00,1.00,1.00,1.00,1.00,1.00,1.00,1.00,1.00,1.00,1.00,1.00,1.00,1.00,1.00,1.00,1.00,1.00,1.00,1.00,1.00,1.00,1.00,1.00,1.00,1.00,1.00,1.00,0.99,1.00,1.00,1.00,1.00,1.00
50,0.00,0.00,0.00,0.11,0.12,0.08,0.10,0.00,0.00,0.00,0.00,0.00,0.00,0.01,0.01,0.00,0.00,0.00,0.00,0.00,0.00,0.01,0.00,0.00,0.00,0.03,0.29,0.19,0.00,0.23,0.00,0.38,0.13,0.38,0.32,0.32,0.51,0.54,0.47,0.55,0.50,0.50,0.40,0.40,0.50,0.46,0.51,0.53
8,0.10,0.25,0.10,0.35,0.10,0.20,0.10,0.26,0.40,0.55,0.35,0.60,0.60,0.55,0.28,0.70,0.55,0.50,0.55,0.50,0.60,0.50,0.50,0.70,0.50,0.50,0.50,0.50,0.50,0.55,0.50,0.54,0.42,0.50,0.50,0.50,0.50,0.54,0.54,0.50,0.55,0.55,0.54,0.54,0.38,0.50,0.50,0.50
35,0.75,0.64,0.75,0.15,0.75,0.58,0.74,0.58,0.50,0.12,0.50,0.05,0.21,0.01,0.40,0.50,0.01,0.03,0.06,0.11,0.01,0.06,0.01,0.09,0.02,0.10,0.08,0.00,0.10,0.00,0.00,0.11,0.50,0.10,0.00,0.00,0.00,0.00,0.08,0.32,0.21,0.14,0.00,0.05,0.00,0.50,0.36,0.21
33,0.69,0.20,0.29,0.10,0.13,0.14,0.50,0.19,0.15,0.18,0.05,0.11,0.16,0.15,0.33,0.38,0.50,0.19,0.23,0.01,0.04,0.29,0.13,0.19,0.25,0.05,0.25,0.18,0.60,0.50,0.18,0.60,0.06,0.72,0.33,0.50,0.50,0.65,0.61,0.82,0.64,0.78,0.40,0.50,0.57,0.90,0.85,0.79
10,0.07,0.07,0.07,0.06,0.07,0.08,0.09,0.06,0.08,0.15,0.05,0.11,0.04,0.17,0.05,0.15,0.20,0.43,0.15,0.50,0.24,0.50,0.28,0.59,0.61,0.58,0.59,0.61,0.57,0.60,0.66,0.62,0.41,0.88,0.64,0.91,0.63,0.83,0.70,0.92,0.82,0.95,0.98,0.90,0.83,0.96,0.96,0.88
39,0.96,0.95,0.98,0.97,0.95,0.99,0.98,0.97,0.96,0.97,0.97,0.94,0.94,0.95,0.99,0.98,0.97,0.97,0.96,0.96,0.96,0.95,0.95,0.98,0.98,0.94,0.97,0.94,0.95,0.94,0.93,0.97,0.93,0.96,0.95,0.97,0.95,0.92,0.97,0.93,0.95,0.95,0.99,0.96,0.94,0.98,0.96,0.95
23,0.02,0.04,0.04,0.03,0.05,0.05,0.01,0.04,0.04,0.01,0.04,0.01,0.02,0.01,0.06,0.01,0.01,0.05,0.02,0.01,0.02,0.02,0.02,0.02,0.03,0.00,0.04,0.01,0.04,0.03,0.02,0.26,0.03,0.04,0.01,0.04,0.02,0.16,0.15,0.77,0.02,0.04,0.02,0.60,0.50,0.62,0.85,0.92
35,0.83,0.92,0.88,0.61,0.94,0.78,0.93,0.90,0.50,0.36,0.50,0.26,0.50,0.36,0.76,0.69,0.32,0.24,0.30,0.23,0.21,0.21,0.19,0.17,0.24,0.59,0.24,0.02,0.09,0.07,0.14,0.09,0.58,0.61,0.58,0.11,0.08,0.08,0.06,0.81,0.68,0.32,0.09,0.10,0.10,0.88,0.72,0.50
44,0.17,0.12,0.13,0.10,0.15,0.11,0.14,0.12,0.13,0.10,0.09,0.09,0.10,0.10,0.07,0.36,0.13,0.09,0.08,0.28,0.11,0.35,0.30,0.30,0.09,0.22,0.24,0.60,0.44,0.26,0.32,0.50,0.19,0.61,0.63,0.58,0.35,0.63,0.50,0.78,0.75,0.76,0.75,0.50,0.57,0.85,0.78,0.76
33,0.50,0.13,0.35,0.18,0.26,0.18,0.50,0.17,0.03,0.57,0.08,0.38,0.22,0.20,0.24,0.23,0.56,0.20,0.34,0.14,0.03,0.01,0.18,0.09,0.06,0.20,0.17,0.60,0.57,0.60,0.17,0.61,0.14,0.59,0.32,0.59,0.62,0.50,0.63,0.97,0.60,0.58,0.59,0.57,0.50,0.98,0.97,0.97
8,0.92,0.94,0.97,0.92,0.99,0.96,0.97,0.93,0.94,0.84,0.99,0.86,0.99,0.82,0.95,0.99,0.50,0.14,0.50,0.06,0.50,0.32,0.72,0.93,0.08,0.08,0.06,0.39,0.39,0.62,0.77,0.72,0.06,0.50,0.50,0.50,0.64,0.70,0.50,0.95,0.76,0.81,0.76,0.90,0.61,0.96,0.97,0.94
4,0.02,0.02,0.02,0.02,0.00,0.03,0.04,0.04,0.03,0.04,0.05,0.08,0.04,0.04,0.00,0.05,0.04,0.38,0.03,0.32,0.05,0.50,0.13,0.58,0.58,0.39,0.50,0.61,0.50,0.56,0.59,0.60,0.29,0.63,0.59,0.50,0.63,0.76,0.71,0.96,0.94,0.94,0.80,0.83,0.77,0.92,0.95,0.93
6,0.08,0.04,0.08,0.07,0.04,0.02,0.04,0.01,0.09,0.04,0.05,0.35,0.07,0.30,0.01,0.26,0.15,0.28,0.03,0.50,0.38,0.60,0.60,0.99,0.38,0.08,0.09,0.03,0.50,0.50,0.79,0.92,0.13,0.38,0.02,0.29,0.47,0.96,0.95,0.91,0.96,0.95,0.95,0.97,0.95,0.94,0.95,0.93
10,0.03,0.03,0.03,0.03,0.01,0.01,0.04,0.04,0.09,0.31,0.03,0.06,0.02,0.02,0.02,0.02,0.50,0.59,0.50,0.40,0.32,0.50,0.39,0.80,0.66,0.67,0.62,0.64,0.50,0.71,0.69,0.80,0.62,0.64,0.64,0.61,0.65,0.78,0.82,0.92,0.64,0.72,0.69,0.76,0.76,0.89,0.94,0.91
38,0.90,0.96,0.94,0.94,1.00,0.95,0.97,0.98,0.95,0.96,0.95,0.97,0.93,0.89,0.98,0.96,0.93,0.95,0.98,0.94,0.92,0.93,0.97,0.90,0.96,0.92,0.97,0.91,0.96,0.94,0.94,0.94,0.92,0.95,0.99,0.95,0.95,0.95,0.96,0.92,0.96,0.95,0.94,0.93,0.96,0.95,0.90,0.98
35,0.94,0.96,0.96,0.95,0.94,0.84,0.94,0.95,0.59,0.50,0.61,0.09,0.50,0.14,0.99,0.50,0.03,0.11,0.12,0.16,0.13,0.13,0.14,0.18,0.15,0.40,0.15,0.13,0.20,0.12,0.12,0.13,0.39,0.39,0.14,0.07,0.10,0.08,0.11,0.62,0.41,0.14,0.09,0.10,0.09,0.69,0.73,0.67
44,0.04,0.02,0.02,0.02,0.06,0.06,0.04,0.05,0.02,0.05,0.02,0.01,0.04,0.03,0.05,0.16,0.04,0.03,0.03,0.02,0.02,0.19,0.16,0.36,0.03,0.02,0.01,0.25,0.34,0.28,0.26,0.50,0.04,0.50,0.32,0.50,0.50,0.50,0.50,0.98,0.76,0.78,0.60,0.50,0.50,0.94,0.95,0.92
33,0.19,0.03,0.08,0.05,0.04,0.06,0.06,0.09,0.04,0.59,0.01,0.22,0.07,0.08,0.09,0.25,0.64,0.24,0.29,0.27,0.04,0.02,0.14,0.26,0.29,0.25,0.30,0.34,0.50,0.63,0.50,0.63,0.29,0.34,0.41,0.38,0.56,0.40,0.59,0.99,0.73,0.95,0.39,0.26,0.50,0.97,0.94,0.98
8,0.93,0.97,0.89,0.93,0.98,0.91,0.93,0.92,0.76,0.71,0.91,0.80,0.93,0.96,0.97,0.96,0.64,0.14,0.50,0.03,0.64,0.19,0.72,0.97,0.05,0.04,0.05,0.50,0.50,0.68,0.73,0.97,0.03,0.59,0.59,0.60,0.66,0.94,0.95,0.92,0.68,0.98,0.67,0.68,0.67,0.94,0.90,0.93
33,0.04,0.06,0.03,0.03,0.03,0.01,0.03,0.01,0.02,0.27,0.02,0.19,0.02,0.04,0.16,0.23,0.27,0.25,0.00,0.17,0.03,0.14,0.17,0.23,0.03,0.04,0.20,0.36,0.36,0.35,0.40,0.66,0.04,0.61,0.37,0.64,0.66,0.70,0.69,0.97,0.94,0.91,0.66,0.68,0.76,0.96,0.96,0.97
8,0.94,0.93,0.93,0.93,0.94,0.92,0.92,0.90,0.93,0.91,0.89,0.96,0.93,0.88,0.92,0.94,0.86,0.06,0.91,0.08,0.31,0.17,0.50,0.97,0.02,0.03,0.04,0.59,0.17,0.80,0.81,0.96,0.06,0.41,0.50,0.83,0.80,0.80,0.82,0.97,0.42,0.94,0.83,0.90,0.84,0.94,0.96,0.95
15,0.90,0.94,0.92,0.93,0.93,0.92,0.92,0.90,0.88,0.86,0.89,0.69,0.95,0.71,0.90,0.63,0.60,0.32,0.59,0.28,0.50,0.03,0.60,0.03,0.08,0.01,0.02,0.04,0.03,0.03,0.04,0.25,0.03,0.02,0.02,0.10,0.33,0.66,0.16,0.95,0.00,0.01,0.13,0.34,0.50,0.91,0.94,0.94
33,0.41,0.02,0.04,0.03,0.05,0.04,0.04,0.04,0.03,0.50,0.02,0.04,0.04,0.03,0.36,0.37,0.59,0.34,0.27,0.03,0.04,0.16,0.03,0.50,0.32,0.36,0.33,0.38,0.50,0.60,0.50,0.60,0.30,0.62,0.58,0.70,0.74,0.69,0.72,0.96,0.61,0.86,0.65,0.64,0.72,0.98,0.98,0.96
8,0.88,0.94,0.96,0.92,0.90,0.90,0.93,0.92,0.93,0.85,0.94,0.91,0.90,0.91,0.92,0.77,0.70,0.17,0.78,0.12,0.28,0.35,0.59,0.92,0.02,0.03,0.02,0.59,0.60,0.78,0.80,0.79,0.04,0.67,0.59,0.72,0.77,0.77,0.82,0.95,0.77,0.76,0.71,0.72,0.73,0.97,0.95,0.93
